1
1 255 119 122 255
2
2 160 0 68 255
3
3 68 196 197 255
5
4 53 77 130 255
9
5 255 184 0 255
10
6 255 0 0 255
11
7 0 161 0 255
12
8 125 0 255 255
13
9 61 61 64 255
14
10 95 0 128 255
23
11 0 69 0 255
25
12 0 124 0 255
31
13 0 0 86 255
32
14 0 121 255 255
44
15 255 255 174 255
24a
16 0 240 121 255
24b
17 255 146 83 255
24c
18 121 0 16 255
24d
19 255 72 47 255
29/30
20 187 68 255 255
45A
21 200 0 200 255
45B
22 0 124 125 255
46d
23 255 121 0 255
46v
24 255 235 0 255
7A
25 149 54 6 255
7B
26 97 48 170 255
7m
27 136 138 223 255
7op
28 0 48 198 255
8B
29 102 120 255 255
8l
30 163 0 0 255
8m
31 112 46 0 255
8r
32 237 0 52 255
9/46d
33 121 159 0 255
9/46v
34 197 255 0 255
AIP
35 169 135 0 255
CORE
36 255 0 0 255
DP
37 150 150 57 255
ENTORHINAL
38 130 198 57 255
F1
39 95 74 41 255
F2
40 255 148 255 255
F3
41 149 131 232 255
F4
42 5 43 129 255
F5
43 184 219 255 255
F6
44 23 224 255 255
F7
45 255 56 70 255
FST
46 123 58 31 255
Gu
47 0 48 0 255
INSULA
48 146 70 255 255
IPa
49 0 154 255 255
LB
50 0 65 116 255
LIP
51 255 118 0 255
MB
52 128 61 84 255
MIP
53 52 123 64 255
MST
54 146 134 186 255
MT
55 255 0 0 255
OPAI
56 247 217 148 255
OPRO
57 255 222 223 255
Parainsula
58 172 223 255 255
PBc
59 236 206 55 255
PBr
60 196 255 255 255
PERIRHINAL
61 0 0 128 255
PGa
62 124 168 102 255
PIP
63 255 0 150 255
PIRIFORM
64 255 255 0 255
ProM
65 197 255 200 255
Pro.St
66 255 159 77 255
SII
67 222 9 6 255
STPc
68 181 0 84 255
STPi
69 103 0 84 255
STPr
70 69 0 160 255
SUBICULUM
71 30 130 230 255
TEad
72 0 255 248 255
TEa/ma
73 98 220 170 255
TEa/mp
74 59 189 54 255
TEav
75 0 255 104 255
TEMPORAL_POLE
76 133 0 121 255
TEO
77 255 95 161 255
TEOm
78 70 116 173 255
TEpd
79 223 162 0 255
TEpv
80 173 209 0 255
TH/TF
81 255 0 146 255
TPt
82 133 195 174 255
V1
83 210 58 58 255
V2
84 255 255 0 255
V3
85 0 255 0 255
V3A
86 48 115 48 255
V4
87 0 0 255 255
V4t
88 174 17 132 255
V6
89 167 0 255 255
V6A
90 36 189 125 255
VIP
91 0 184 0 255
